BTC-USD

CLUB
Value:      12689, Params: [32, -41, 22.174207581296336, 33.441528842809774, 58.05034650143723, 270.841587211271, 14, 33, 49, 34.33321919801919, 13, 13]
Value:      12689, Params: [-35, -16, 64.69617663318613, 29.357510096447935, 87.76141417226624, 385.7017398235309, 14, 32, 49, 33, 19, 31]
Value:      12816, Params: [50, -50, 37.47157531160514, 80.494521236505, 55.12033103066902, 79.06050718188213, 29, 22, 48, 15.964106141435375, 34, 42]

FB
Value:      30187, Params: [-32, 71, 97.18457176555388, 94.81049141080378, 26.785843800782338, 68.23263703529254, 16, 19, 45, 38, 47, 41.62425557694443]
Value:      26860, Params: [-76, 71, 97.18457176555388, 94.81049141080378, 59.07800639215809, 151.00562546628217, 35, 38, 32, 34, 12, 48]
Value:      25471, Params: [-32, 71, 97.18457176555388, 94.81049141080378, 59.07800639215809, 151.00562546628217, 35, 38, 13, 27, 20, 41.62425557694443]


JPM
Value:      18866, Params: [-77, 90, 82.83732626117398, 99.67802587524747, 77.17400386755193, 100.6775302542458, 48.60457195773405, 41, 48, 46, 28, 25]
Value:      18866, Params: [-38, 20, 82.83732626117398, 99.67802587524747, 77.0946836565788, 100.6775302542458, 48, 41, 48, 46, 28, 34]

Value:      17287, Params: [-54, 97, 81.28415212504636, 99.32083890421643, 7.215265294633511, 1.0126056362698144, 32, 44, 15, 12, 40, 26]


TSLA

TUWOY
Value:      46369, Params: [-1, 79, 37.74041093102014, 38.97688263469167, 12.593209149637218, 234.09273403192367, 35, 12, 18, 18, 47, 29]
Value:      42435, Params: [7, 22, 63.81459287429401, 67.3662449436228, 83.0245052988717, 110.39406215503558, 36, 26, 20, 35, 22, 35]
Value:      30335, Params: [-43, 33, 19.52398115830659, 85.65524741399871, 9.290533173798565, 43.478403673535865, 32.24591738614364, 10, 13, 18.400282752616135, 9.96055479452529, 29]
